cuda
Files already downloaded and verified
Files already downloaded and verified
[1,     1] acc: 0.000
[1,    40] loss: 2.299
[1,    80] loss: 2.240
[1,   120] loss: 2.055
[1,   160] loss: 1.958
[2,   197] acc: 0.200
[2,    40] loss: 1.776
[2,    80] loss: 1.687
[2,   120] loss: 1.619
[2,   160] loss: 1.589
[3,   197] acc: 0.343
[3,    40] loss: 1.489
[3,    80] loss: 1.497
[3,   120] loss: 1.468
[3,   160] loss: 1.456
[4,   197] acc: 0.393
[4,    40] loss: 1.393
[4,    80] loss: 1.384
[4,   120] loss: 1.384
[4,   160] loss: 1.359
[5,   197] acc: 0.421
[5,    40] loss: 1.342
[5,    80] loss: 1.319
[5,   120] loss: 1.328
[5,   160] loss: 1.303
[6,   197] acc: 0.441
[6,    40] loss: 1.282
[6,    80] loss: 1.280
[6,   120] loss: 1.274
[6,   160] loss: 1.293
[7,   197] acc: 0.456
[7,    40] loss: 1.245
[7,    80] loss: 1.259
[7,   120] loss: 1.240
[7,   160] loss: 1.224
[8,   197] acc: 0.467
[8,    40] loss: 1.211
[8,    80] loss: 1.216
[8,   120] loss: 1.209
[8,   160] loss: 1.201
[9,   197] acc: 0.478
[9,    40] loss: 1.166
[9,    80] loss: 1.167
[9,   120] loss: 1.173
[9,   160] loss: 1.168
[10,   197] acc: 0.491
[10,    40] loss: 1.131
[10,    80] loss: 1.155
[10,   120] loss: 1.131
[10,   160] loss: 1.142
[11,   197] acc: 0.502
[11,    40] loss: 1.126
[11,    80] loss: 1.121
[11,   120] loss: 1.135
[11,   160] loss: 1.113
[12,   197] acc: 0.507
[12,    40] loss: 1.099
[12,    80] loss: 1.093
[12,   120] loss: 1.098
[12,   160] loss: 1.120
[13,   197] acc: 0.512
[13,    40] loss: 1.095
[13,    80] loss: 1.072
[13,   120] loss: 1.093
[13,   160] loss: 1.105
[14,   197] acc: 0.518
[14,    40] loss: 1.077
[14,    80] loss: 1.049
[14,   120] loss: 1.057
[14,   160] loss: 1.072
[15,   197] acc: 0.524
[15,    40] loss: 1.053
[15,    80] loss: 1.058
[15,   120] loss: 1.071
[15,   160] loss: 1.070
[16,   197] acc: 0.526
[16,    40] loss: 1.034
[16,    80] loss: 1.042
[16,   120] loss: 1.048
[16,   160] loss: 1.066
[17,   197] acc: 0.530
[17,    40] loss: 1.045
[17,    80] loss: 1.019
[17,   120] loss: 1.042
[17,   160] loss: 1.047
[18,   197] acc: 0.534
[18,    40] loss: 1.041
[18,    80] loss: 1.022
[18,   120] loss: 1.043
[18,   160] loss: 1.025
[19,   197] acc: 0.534
[19,    40] loss: 1.008
[19,    80] loss: 1.008
[19,   120] loss: 1.001
[19,   160] loss: 1.033
[20,   197] acc: 0.540
[20,    40] loss: 1.020
[20,    80] loss: 1.004
[20,   120] loss: 0.999
[20,   160] loss: 1.003
[21,   197] acc: 0.541
[21,    40] loss: 0.984
[21,    80] loss: 1.003
[21,   120] loss: 0.995
[21,   160] loss: 1.005
[22,   197] acc: 0.546
[22,    40] loss: 0.982
[22,    80] loss: 1.003
[22,   120] loss: 1.005
[22,   160] loss: 1.014
[23,   197] acc: 0.544
[23,    40] loss: 0.979
[23,    80] loss: 0.983
[23,   120] loss: 0.991
[23,   160] loss: 0.990
[24,   197] acc: 0.548
[24,    40] loss: 0.972
[24,    80] loss: 0.987
[24,   120] loss: 0.989
[24,   160] loss: 1.008
[25,   197] acc: 0.549
[25,    40] loss: 0.965
[25,    80] loss: 0.986
[25,   120] loss: 0.976
[25,   160] loss: 0.972
[26,   197] acc: 0.554
[26,    40] loss: 0.969
[26,    80] loss: 0.984
[26,   120] loss: 0.984
[26,   160] loss: 0.973
[27,   197] acc: 0.551
[27,    40] loss: 0.946
[27,    80] loss: 0.945
[27,   120] loss: 0.980
[27,   160] loss: 0.986
[28,   197] acc: 0.555
[28,    40] loss: 0.947
[28,    80] loss: 0.934
[28,   120] loss: 0.960
[28,   160] loss: 0.983
[29,   197] acc: 0.556
[29,    40] loss: 0.950
[29,    80] loss: 0.957
[29,   120] loss: 0.970
[29,   160] loss: 0.951
[30,   197] acc: 0.557
[30,    40] loss: 0.943
[30,    80] loss: 0.945
[30,   120] loss: 0.954
[30,   160] loss: 0.954
[31,   197] acc: 0.558
[31,    40] loss: 0.955
[31,    80] loss: 0.958
[31,   120] loss: 0.956
[31,   160] loss: 0.958
[32,   197] acc: 0.560
[32,    40] loss: 0.930
[32,    80] loss: 0.960
[32,   120] loss: 0.931
[32,   160] loss: 0.951
[33,   197] acc: 0.560
[33,    40] loss: 0.937
[33,    80] loss: 0.964
[33,   120] loss: 0.936
[33,   160] loss: 0.954
[34,   197] acc: 0.562
[34,    40] loss: 0.922
[34,    80] loss: 0.931
[34,   120] loss: 0.937
[34,   160] loss: 0.969
[35,   197] acc: 0.562
[35,    40] loss: 0.920
[35,    80] loss: 0.944
[35,   120] loss: 0.929
[35,   160] loss: 0.946
[36,   197] acc: 0.563
[36,    40] loss: 0.923
[36,    80] loss: 0.928
[36,   120] loss: 0.921
[36,   160] loss: 0.926
[37,   197] acc: 0.565
[37,    40] loss: 0.924
[37,    80] loss: 0.932
[37,   120] loss: 0.946
[37,   160] loss: 0.952
[38,   197] acc: 0.564
[38,    40] loss: 0.916
[38,    80] loss: 0.933
[38,   120] loss: 0.945
[38,   160] loss: 0.936
[39,   197] acc: 0.566
[39,    40] loss: 0.930
[39,    80] loss: 0.929
[39,   120] loss: 0.937
[39,   160] loss: 0.924
[40,   197] acc: 0.565
[40,    40] loss: 0.915
[40,    80] loss: 0.940
[40,   120] loss: 0.901
[40,   160] loss: 0.918
[41,   197] acc: 0.568
[41,    40] loss: 0.905
[41,    80] loss: 0.904
[41,   120] loss: 0.918
[41,   160] loss: 0.924
[42,   197] acc: 0.569
[42,    40] loss: 0.901
[42,    80] loss: 0.917
[42,   120] loss: 0.916
[42,   160] loss: 0.934
[43,   197] acc: 0.571
[43,    40] loss: 0.902
[43,    80] loss: 0.928
[43,   120] loss: 0.894
[43,   160] loss: 0.923
[44,   197] acc: 0.570
[44,    40] loss: 0.903
[44,    80] loss: 0.877
[44,   120] loss: 0.916
[44,   160] loss: 0.945
[45,   197] acc: 0.570
[45,    40] loss: 0.900
[45,    80] loss: 0.906
[45,   120] loss: 0.918
[45,   160] loss: 0.906
[46,   197] acc: 0.571
[46,    40] loss: 0.907
[46,    80] loss: 0.899
[46,   120] loss: 0.904
[46,   160] loss: 0.901
[47,   197] acc: 0.572
[47,    40] loss: 0.905
[47,    80] loss: 0.902
[47,   120] loss: 0.898
[47,   160] loss: 0.906
[48,   197] acc: 0.571
[48,    40] loss: 0.882
[48,    80] loss: 0.898
[48,   120] loss: 0.903
[48,   160] loss: 0.910
[49,   197] acc: 0.573
[49,    40] loss: 0.891
[49,    80] loss: 0.894
[49,   120] loss: 0.902
[49,   160] loss: 0.888
[50,   197] acc: 0.574
[50,    40] loss: 0.885
[50,    80] loss: 0.883
[50,   120] loss: 0.906
[50,   160] loss: 0.924
[51,   197] acc: 0.572
[51,    40] loss: 0.892
[51,    80] loss: 0.886
[51,   120] loss: 0.910
[51,   160] loss: 0.881
[52,   197] acc: 0.575
[52,    40] loss: 0.890
[52,    80] loss: 0.895
[52,   120] loss: 0.890
[52,   160] loss: 0.898
[53,   197] acc: 0.575
[53,    40] loss: 0.889
[53,    80] loss: 0.890
[53,   120] loss: 0.881
[53,   160] loss: 0.904
[54,   197] acc: 0.574
[54,    40] loss: 0.874
[54,    80] loss: 0.904
[54,   120] loss: 0.908
[54,   160] loss: 0.924
[55,   197] acc: 0.572
[55,    40] loss: 0.878
[55,    80] loss: 0.886
[55,   120] loss: 0.861
[55,   160] loss: 0.913
[56,   197] acc: 0.575
[56,    40] loss: 0.892
[56,    80] loss: 0.897
[56,   120] loss: 0.880
[56,   160] loss: 0.892
[57,   197] acc: 0.575
[57,    40] loss: 0.895
[57,    80] loss: 0.916
[57,   120] loss: 0.880
[57,   160] loss: 0.904
[58,   197] acc: 0.575
[58,    40] loss: 0.879
[58,    80] loss: 0.882
[58,   120] loss: 0.888
[58,   160] loss: 0.897
[59,   197] acc: 0.576
[59,    40] loss: 0.859
[59,    80] loss: 0.875
[59,   120] loss: 0.888
[59,   160] loss: 0.898
[60,   197] acc: 0.579
[60,    40] loss: 0.868
[60,    80] loss: 0.881
[60,   120] loss: 0.880
[60,   160] loss: 0.883
[61,   197] acc: 0.579
[61,    40] loss: 0.878
[61,    80] loss: 0.865
[61,   120] loss: 0.871
[61,   160] loss: 0.903
[62,   197] acc: 0.579
[62,    40] loss: 0.856
[62,    80] loss: 0.890
[62,   120] loss: 0.884
[62,   160] loss: 0.885
[63,   197] acc: 0.576
[63,    40] loss: 0.871
[63,    80] loss: 0.876
[63,   120] loss: 0.884
[63,   160] loss: 0.890
[64,   197] acc: 0.579
[64,    40] loss: 0.868
[64,    80] loss: 0.891
[64,   120] loss: 0.902
[64,   160] loss: 0.875
[65,   197] acc: 0.577
[65,    40] loss: 0.874
[65,    80] loss: 0.859
[65,   120] loss: 0.863
[65,   160] loss: 0.877
[66,   197] acc: 0.581
[66,    40] loss: 0.867
[66,    80] loss: 0.864
[66,   120] loss: 0.893
[66,   160] loss: 0.902
[67,   197] acc: 0.578
[67,    40] loss: 0.856
[67,    80] loss: 0.872
[67,   120] loss: 0.879
[67,   160] loss: 0.868
[68,   197] acc: 0.580
[68,    40] loss: 0.856
[68,    80] loss: 0.872
[68,   120] loss: 0.892
[68,   160] loss: 0.884
[69,   197] acc: 0.580
[69,    40] loss: 0.882
[69,    80] loss: 0.858
[69,   120] loss: 0.887
[69,   160] loss: 0.876
[70,   197] acc: 0.580
[70,    40] loss: 0.871
[70,    80] loss: 0.864
[70,   120] loss: 0.877
[70,   160] loss: 0.856
[71,   197] acc: 0.579
[71,    40] loss: 0.863
[71,    80] loss: 0.861
[71,   120] loss: 0.873
[71,   160] loss: 0.878
[72,   197] acc: 0.582
[72,    40] loss: 0.877
[72,    80] loss: 0.874
[72,   120] loss: 0.864
[72,   160] loss: 0.871
[73,   197] acc: 0.580
[73,    40] loss: 0.847
[73,    80] loss: 0.865
[73,   120] loss: 0.861
[73,   160] loss: 0.876
[74,   197] acc: 0.582
[74,    40] loss: 0.856
[74,    80] loss: 0.882
[74,   120] loss: 0.879
[74,   160] loss: 0.877
[75,   197] acc: 0.580
[75,    40] loss: 0.869
[75,    80] loss: 0.859
[75,   120] loss: 0.866
[75,   160] loss: 0.865
[76,   197] acc: 0.582
[76,    40] loss: 0.860
[76,    80] loss: 0.869
[76,   120] loss: 0.861
[76,   160] loss: 0.864
[77,   197] acc: 0.582
[77,    40] loss: 0.852
[77,    80] loss: 0.874
[77,   120] loss: 0.874
[77,   160] loss: 0.859
[78,   197] acc: 0.581
[78,    40] loss: 0.850
[78,    80] loss: 0.885
[78,   120] loss: 0.839
[78,   160] loss: 0.863
[79,   197] acc: 0.583
[79,    40] loss: 0.852
[79,    80] loss: 0.863
[79,   120] loss: 0.862
[79,   160] loss: 0.871
[80,   197] acc: 0.582
[80,    40] loss: 0.854
[80,    80] loss: 0.864
[80,   120] loss: 0.891
[80,   160] loss: 0.862
[81,   197] acc: 0.581
[81,    40] loss: 0.841
[81,    80] loss: 0.847
[81,   120] loss: 0.889
[81,   160] loss: 0.861
[82,   197] acc: 0.584
[82,    40] loss: 0.829
[82,    80] loss: 0.866
[82,   120] loss: 0.881
[82,   160] loss: 0.847
[83,   197] acc: 0.583
[83,    40] loss: 0.837
[83,    80] loss: 0.865
[83,   120] loss: 0.872
[83,   160] loss: 0.848
[84,   197] acc: 0.584
[84,    40] loss: 0.858
[84,    80] loss: 0.847
[84,   120] loss: 0.884
[84,   160] loss: 0.850
[85,   197] acc: 0.583
[85,    40] loss: 0.871
[85,    80] loss: 0.860
[85,   120] loss: 0.864
[85,   160] loss: 0.879
[86,   197] acc: 0.581
[86,    40] loss: 0.855
[86,    80] loss: 0.854
[86,   120] loss: 0.850
[86,   160] loss: 0.870
[87,   197] acc: 0.586
[87,    40] loss: 0.841
[87,    80] loss: 0.849
[87,   120] loss: 0.859
[87,   160] loss: 0.855
[88,   197] acc: 0.586
[88,    40] loss: 0.846
[88,    80] loss: 0.858
[88,   120] loss: 0.866
[88,   160] loss: 0.848
[89,   197] acc: 0.584
[89,    40] loss: 0.839
[89,    80] loss: 0.861
[89,   120] loss: 0.846
[89,   160] loss: 0.872
[90,   197] acc: 0.585
[90,    40] loss: 0.863
[90,    80] loss: 0.857
[90,   120] loss: 0.855
[90,   160] loss: 0.854
[91,   197] acc: 0.585
[91,    40] loss: 0.835
[91,    80] loss: 0.872
[91,   120] loss: 0.862
[91,   160] loss: 0.874
[92,   197] acc: 0.584
[92,    40] loss: 0.871
[92,    80] loss: 0.841
[92,   120] loss: 0.870
[92,   160] loss: 0.861
[93,   197] acc: 0.583
[93,    40] loss: 0.855
[93,    80] loss: 0.827
[93,   120] loss: 0.861
[93,   160] loss: 0.883
[94,   197] acc: 0.586
[94,    40] loss: 0.835
[94,    80] loss: 0.863
[94,   120] loss: 0.842
[94,   160] loss: 0.846
[95,   197] acc: 0.585
[95,    40] loss: 0.838
[95,    80] loss: 0.861
[95,   120] loss: 0.840
[95,   160] loss: 0.848
[96,   197] acc: 0.587
[96,    40] loss: 0.848
[96,    80] loss: 0.844
[96,   120] loss: 0.853
[96,   160] loss: 0.852
[97,   197] acc: 0.588
[97,    40] loss: 0.827
[97,    80] loss: 0.838
[97,   120] loss: 0.874
[97,   160] loss: 0.864
[98,   197] acc: 0.587
[98,    40] loss: 0.852
[98,    80] loss: 0.840
[98,   120] loss: 0.850
[98,   160] loss: 0.876
[99,   197] acc: 0.586
[99,    40] loss: 0.831
[99,    80] loss: 0.840
[99,   120] loss: 0.843
[99,   160] loss: 0.869
[100,   197] acc: 0.587
[100,    40] loss: 0.818
[100,    80] loss: 0.860
[100,   120] loss: 0.850
[100,   160] loss: 0.851
Finished Training
[1,    40] loss: 0.916
[1,    80] loss: 0.773
[1,   120] loss: 0.742
[2,    40] loss: 0.711
[2,    80] loss: 0.714
[2,   120] loss: 0.703
[3,    40] loss: 0.671
[3,    80] loss: 0.705
[3,   120] loss: 0.676
[4,    40] loss: 0.656
[4,    80] loss: 0.658
[4,   120] loss: 0.678
[5,    40] loss: 0.647
[5,    80] loss: 0.651
[5,   120] loss: 0.657
focibly_true_accuracy:  12936
[6,    40] loss: 0.629
[6,    80] loss: 0.622
[6,   120] loss: 0.624
[7,    40] loss: 0.606
[7,    80] loss: 0.619
[7,   120] loss: 0.623
[8,    40] loss: 0.604
[8,    80] loss: 0.607
[8,   120] loss: 0.608
[9,    40] loss: 0.586
[9,    80] loss: 0.591
[9,   120] loss: 0.586
[10,    40] loss: 0.575
[10,    80] loss: 0.576
[10,   120] loss: 0.585
focibly_true_accuracy:  13077
[11,    40] loss: 0.572
[11,    80] loss: 0.588
[11,   120] loss: 0.574
[12,    40] loss: 0.560
[12,    80] loss: 0.580
[12,   120] loss: 0.569
[13,    40] loss: 0.536
[13,    80] loss: 0.566
[13,   120] loss: 0.556
[14,    40] loss: 0.547
[14,    80] loss: 0.549
[14,   120] loss: 0.554
[15,    40] loss: 0.525
[15,    80] loss: 0.547
[15,   120] loss: 0.541
focibly_true_accuracy:  13239
[16,    40] loss: 0.524
[16,    80] loss: 0.546
[16,   120] loss: 0.534
[17,    40] loss: 0.523
[17,    80] loss: 0.527
[17,   120] loss: 0.544
[18,    40] loss: 0.527
[18,    80] loss: 0.532
[18,   120] loss: 0.521
[19,    40] loss: 0.514
[19,    80] loss: 0.495
[19,   120] loss: 0.522
[20,    40] loss: 0.487
[20,    80] loss: 0.519
[20,   120] loss: 0.507
focibly_true_accuracy:  13160
[21,    40] loss: 0.498
[21,    80] loss: 0.508
[21,   120] loss: 0.504
[22,    40] loss: 0.510
[22,    80] loss: 0.511
[22,   120] loss: 0.510
[23,    40] loss: 0.479
[23,    80] loss: 0.500
[23,   120] loss: 0.510
[24,    40] loss: 0.501
[24,    80] loss: 0.494
[24,   120] loss: 0.495
[25,    40] loss: 0.483
[25,    80] loss: 0.481
[25,   120] loss: 0.484
focibly_true_accuracy:  13353
[26,    40] loss: 0.477
[26,    80] loss: 0.479
[26,   120] loss: 0.493
[27,    40] loss: 0.482
[27,    80] loss: 0.498
[27,   120] loss: 0.503
[28,    40] loss: 0.467
[28,    80] loss: 0.473
[28,   120] loss: 0.492
[29,    40] loss: 0.483
[29,    80] loss: 0.466
[29,   120] loss: 0.485
[30,    40] loss: 0.451
[30,    80] loss: 0.466
[30,   120] loss: 0.471
focibly_true_accuracy:  13035
[31,    40] loss: 0.460
[31,    80] loss: 0.452
[31,   120] loss: 0.477
[32,    40] loss: 0.446
[32,    80] loss: 0.479
[32,   120] loss: 0.461
[33,    40] loss: 0.447
[33,    80] loss: 0.458
[33,   120] loss: 0.477
[34,    40] loss: 0.460
[34,    80] loss: 0.447
[34,   120] loss: 0.476
[35,    40] loss: 0.437
[35,    80] loss: 0.470
[35,   120] loss: 0.475
focibly_true_accuracy:  13179
[36,    40] loss: 0.454
[36,    80] loss: 0.441
[36,   120] loss: 0.453
[37,    40] loss: 0.426
[37,    80] loss: 0.445
[37,   120] loss: 0.467
[38,    40] loss: 0.439
[38,    80] loss: 0.456
[38,   120] loss: 0.450
[39,    40] loss: 0.443
[39,    80] loss: 0.479
[39,   120] loss: 0.486
[40,    40] loss: 0.438
[40,    80] loss: 0.452
[40,   120] loss: 0.451
focibly_true_accuracy:  13345
[41,    40] loss: 0.443
[41,    80] loss: 0.446
[41,   120] loss: 0.447
[42,    40] loss: 0.455
[42,    80] loss: 0.436
[42,   120] loss: 0.443
[43,    40] loss: 0.424
[43,    80] loss: 0.428
[43,   120] loss: 0.438
[44,    40] loss: 0.433
[44,    80] loss: 0.466
[44,   120] loss: 0.459
[45,    40] loss: 0.423
[45,    80] loss: 0.439
[45,   120] loss: 0.435
focibly_true_accuracy:  13268
[46,    40] loss: 0.412
[46,    80] loss: 0.413
[46,   120] loss: 0.442
[47,    40] loss: 0.431
[47,    80] loss: 0.421
[47,   120] loss: 0.432
[48,    40] loss: 0.406
[48,    80] loss: 0.414
[48,   120] loss: 0.420
[49,    40] loss: 0.412
[49,    80] loss: 0.420
[49,   120] loss: 0.443
[50,    40] loss: 0.410
[50,    80] loss: 0.411
[50,   120] loss: 0.429
focibly_true_accuracy:  13259
[51,    40] loss: 0.408
[51,    80] loss: 0.412
[51,   120] loss: 0.425
[52,    40] loss: 0.413
[52,    80] loss: 0.424
[52,   120] loss: 0.419
[53,    40] loss: 0.409
[53,    80] loss: 0.436
[53,   120] loss: 0.438
[54,    40] loss: 0.408
[54,    80] loss: 0.421
[54,   120] loss: 0.421
[55,    40] loss: 0.406
[55,    80] loss: 0.404
[55,   120] loss: 0.410
focibly_true_accuracy:  13292
[56,    40] loss: 0.385
[56,    80] loss: 0.441
[56,   120] loss: 0.434
[57,    40] loss: 0.414
[57,    80] loss: 0.411
[57,   120] loss: 0.424
[58,    40] loss: 0.389
[58,    80] loss: 0.426
[58,   120] loss: 0.410
[59,    40] loss: 0.397
[59,    80] loss: 0.415
[59,   120] loss: 0.407
[60,    40] loss: 0.412
[60,    80] loss: 0.407
[60,   120] loss: 0.406
focibly_true_accuracy:  13222
[61,    40] loss: 0.378
[61,    80] loss: 0.410
[61,   120] loss: 0.427
[62,    40] loss: 0.401
[62,    80] loss: 0.404
[62,   120] loss: 0.410
[63,    40] loss: 0.383
[63,    80] loss: 0.399
[63,   120] loss: 0.419
[64,    40] loss: 0.386
[64,    80] loss: 0.406
[64,   120] loss: 0.409
[65,    40] loss: 0.387
[65,    80] loss: 0.401
[65,   120] loss: 0.408
focibly_true_accuracy:  13332
[66,    40] loss: 0.380
[66,    80] loss: 0.405
[66,   120] loss: 0.396
[67,    40] loss: 0.397
[67,    80] loss: 0.399
[67,   120] loss: 0.400
[68,    40] loss: 0.384
[68,    80] loss: 0.388
[68,   120] loss: 0.409
[69,    40] loss: 0.385
[69,    80] loss: 0.379
[69,   120] loss: 0.386
[70,    40] loss: 0.366
[70,    80] loss: 0.381
[70,   120] loss: 0.400
focibly_true_accuracy:  13285
[71,    40] loss: 0.392
[71,    80] loss: 0.385
[71,   120] loss: 0.407
[72,    40] loss: 0.389
[72,    80] loss: 0.409
[72,   120] loss: 0.399
[73,    40] loss: 0.377
[73,    80] loss: 0.400
[73,   120] loss: 0.397
[74,    40] loss: 0.363
[74,    80] loss: 0.411
[74,   120] loss: 0.384
[75,    40] loss: 0.385
[75,    80] loss: 0.398
[75,   120] loss: 0.391
focibly_true_accuracy:  13394
[76,    40] loss: 0.371
[76,    80] loss: 0.375
[76,   120] loss: 0.377
[77,    40] loss: 0.368
[77,    80] loss: 0.383
[77,   120] loss: 0.401
[78,    40] loss: 0.362
[78,    80] loss: 0.367
[78,   120] loss: 0.402
[79,    40] loss: 0.367
[79,    80] loss: 0.389
[79,   120] loss: 0.394
[80,    40] loss: 0.358
[80,    80] loss: 0.380
[80,   120] loss: 0.382
focibly_true_accuracy:  13199
[81,    40] loss: 0.380
[81,    80] loss: 0.364
[81,   120] loss: 0.373
[82,    40] loss: 0.369
[82,    80] loss: 0.369
[82,   120] loss: 0.382
[83,    40] loss: 0.371
[83,    80] loss: 0.380
[83,   120] loss: 0.385
[84,    40] loss: 0.359
[84,    80] loss: 0.372
[84,   120] loss: 0.362
[85,    40] loss: 0.339
[85,    80] loss: 0.387
[85,   120] loss: 0.379
focibly_true_accuracy:  13427
[86,    40] loss: 0.352
[86,    80] loss: 0.372
[86,   120] loss: 0.374
[87,    40] loss: 0.375
[87,    80] loss: 0.374
[87,   120] loss: 0.381
[88,    40] loss: 0.369
[88,    80] loss: 0.378
[88,   120] loss: 0.369
[89,    40] loss: 0.373
[89,    80] loss: 0.360
[89,   120] loss: 0.375
[90,    40] loss: 0.354
[90,    80] loss: 0.353
[90,   120] loss: 0.402
focibly_true_accuracy:  13364
[91,    40] loss: 0.356
[91,    80] loss: 0.362
[91,   120] loss: 0.369
[92,    40] loss: 0.353
[92,    80] loss: 0.363
[92,   120] loss: 0.366
[93,    40] loss: 0.357
[93,    80] loss: 0.360
[93,   120] loss: 0.387
[94,    40] loss: 0.355
[94,    80] loss: 0.356
[94,   120] loss: 0.396
[95,    40] loss: 0.366
[95,    80] loss: 0.378
[95,   120] loss: 0.378
focibly_true_accuracy:  13412
[96,    40] loss: 0.343
[96,    80] loss: 0.372
[96,   120] loss: 0.395
[97,    40] loss: 0.363
[97,    80] loss: 0.339
[97,   120] loss: 0.371
[98,    40] loss: 0.355
[98,    80] loss: 0.360
[98,   120] loss: 0.351
[99,    40] loss: 0.358
[99,    80] loss: 0.361
[99,   120] loss: 0.356
[100,    40] loss: 0.342
[100,    80] loss: 0.371
[100,   120] loss: 0.361
focibly_true_accuracy:  13367
[101,    40] loss: 0.342
[101,    80] loss: 0.378
[101,   120] loss: 0.370
[102,    40] loss: 0.344
[102,    80] loss: 0.348
[102,   120] loss: 0.352
[103,    40] loss: 0.341
[103,    80] loss: 0.350
[103,   120] loss: 0.363
[104,    40] loss: 0.351
[104,    80] loss: 0.357
[104,   120] loss: 0.340
[105,    40] loss: 0.363
[105,    80] loss: 0.341
[105,   120] loss: 0.376
focibly_true_accuracy:  13340
[106,    40] loss: 0.365
[106,    80] loss: 0.346
[106,   120] loss: 0.368
[107,    40] loss: 0.345
[107,    80] loss: 0.344
[107,   120] loss: 0.354
[108,    40] loss: 0.335
[108,    80] loss: 0.344
[108,   120] loss: 0.368
[109,    40] loss: 0.352
[109,    80] loss: 0.351
[109,   120] loss: 0.377
[110,    40] loss: 0.333
[110,    80] loss: 0.337
[110,   120] loss: 0.349
focibly_true_accuracy:  13179
[111,    40] loss: 0.335
[111,    80] loss: 0.358
[111,   120] loss: 0.351
[112,    40] loss: 0.339
[112,    80] loss: 0.351
[112,   120] loss: 0.353
[113,    40] loss: 0.346
[113,    80] loss: 0.369
[113,   120] loss: 0.338
[114,    40] loss: 0.348
[114,    80] loss: 0.351
[114,   120] loss: 0.346
[115,    40] loss: 0.337
[115,    80] loss: 0.343
[115,   120] loss: 0.369
focibly_true_accuracy:  13371
[116,    40] loss: 0.308
[116,    80] loss: 0.343
[116,   120] loss: 0.376
[117,    40] loss: 0.325
[117,    80] loss: 0.337
[117,   120] loss: 0.355
[118,    40] loss: 0.331
[118,    80] loss: 0.357
[118,   120] loss: 0.337
[119,    40] loss: 0.330
[119,    80] loss: 0.345
[119,   120] loss: 0.344
[120,    40] loss: 0.326
[120,    80] loss: 0.350
[120,   120] loss: 0.341
focibly_true_accuracy:  13354
[121,    40] loss: 0.330
[121,    80] loss: 0.353
[121,   120] loss: 0.349
[122,    40] loss: 0.318
[122,    80] loss: 0.345
[122,   120] loss: 0.354
[123,    40] loss: 0.332
[123,    80] loss: 0.323
[123,   120] loss: 0.339
[124,    40] loss: 0.329
[124,    80] loss: 0.355
[124,   120] loss: 0.340
[125,    40] loss: 0.323
[125,    80] loss: 0.353
[125,   120] loss: 0.345
focibly_true_accuracy:  13378
[126,    40] loss: 0.337
[126,    80] loss: 0.332
[126,   120] loss: 0.344
[127,    40] loss: 0.325
[127,    80] loss: 0.349
[127,   120] loss: 0.339
[128,    40] loss: 0.335
[128,    80] loss: 0.333
[128,   120] loss: 0.348
[129,    40] loss: 0.321
[129,    80] loss: 0.354
[129,   120] loss: 0.340
[130,    40] loss: 0.324
[130,    80] loss: 0.321
[130,   120] loss: 0.340
focibly_true_accuracy:  13384
[131,    40] loss: 0.304
[131,    80] loss: 0.332
[131,   120] loss: 0.340
[132,    40] loss: 0.310
[132,    80] loss: 0.315
[132,   120] loss: 0.354
[133,    40] loss: 0.336
[133,    80] loss: 0.323
[133,   120] loss: 0.342
[134,    40] loss: 0.312
[134,    80] loss: 0.350
[134,   120] loss: 0.353
[135,    40] loss: 0.309
[135,    80] loss: 0.338
[135,   120] loss: 0.338
focibly_true_accuracy:  13318
[136,    40] loss: 0.329
[136,    80] loss: 0.327
[136,   120] loss: 0.326
[137,    40] loss: 0.307
[137,    80] loss: 0.332
[137,   120] loss: 0.315
[138,    40] loss: 0.332
[138,    80] loss: 0.329
[138,   120] loss: 0.345
[139,    40] loss: 0.324
[139,    80] loss: 0.336
[139,   120] loss: 0.328
[140,    40] loss: 0.310
[140,    80] loss: 0.324
[140,   120] loss: 0.359
focibly_true_accuracy:  13434
[141,    40] loss: 0.330
[141,    80] loss: 0.334
[141,   120] loss: 0.329
[142,    40] loss: 0.326
[142,    80] loss: 0.331
[142,   120] loss: 0.314
[143,    40] loss: 0.294
[143,    80] loss: 0.343
[143,   120] loss: 0.331
[144,    40] loss: 0.319
[144,    80] loss: 0.317
[144,   120] loss: 0.338
[145,    40] loss: 0.332
[145,    80] loss: 0.312
[145,   120] loss: 0.329
focibly_true_accuracy:  13455
[146,    40] loss: 0.316
[146,    80] loss: 0.314
[146,   120] loss: 0.328
[147,    40] loss: 0.305
[147,    80] loss: 0.352
[147,   120] loss: 0.346
[148,    40] loss: 0.305
[148,    80] loss: 0.329
[148,   120] loss: 0.330
[149,    40] loss: 0.307
[149,    80] loss: 0.321
[149,   120] loss: 0.347
[150,    40] loss: 0.329
[150,    80] loss: 0.331
[150,   120] loss: 0.323
focibly_true_accuracy:  13460
Finished Training
mosaic_data_training_accuracy : 0.8834
mosaic_data_test_accuracy : 0.7837
