cuda
Files already downloaded and verified
Files already downloaded and verified
torch.Size([250, 9, 3, 32, 32]) torch.Size([250]) torch.Size([250])
torch.Size([250, 3]) torch.Size([250, 9])
[1,    40] loss: 1.102
[1,    80] loss: 1.099
[1,   120] loss: 1.099
[2,    40] loss: 1.098
[2,    80] loss: 1.099
[2,   120] loss: 1.099
[3,    40] loss: 1.098
[3,    80] loss: 1.099
[3,   120] loss: 1.099
[4,    40] loss: 1.099
[4,    80] loss: 1.099
[4,   120] loss: 1.099
[5,    40] loss: 1.099
[5,    80] loss: 1.099
[5,   120] loss: 1.099
[6,    40] loss: 1.099
[6,    80] loss: 1.099
[6,   120] loss: 1.099
[7,    40] loss: 1.099
[7,    80] loss: 1.099
[7,   120] loss: 1.099
[8,    40] loss: 1.099
[8,    80] loss: 1.099
[8,   120] loss: 1.099
[9,    40] loss: 1.099
[9,    80] loss: 1.099
[9,   120] loss: 1.099
[10,    40] loss: 1.099
[10,    80] loss: 1.098
[10,   120] loss: 1.099
[11,    40] loss: 1.099
[11,    80] loss: 1.099
[11,   120] loss: 1.099
[12,    40] loss: 1.099
[12,    80] loss: 1.099
[12,   120] loss: 1.099
[13,    40] loss: 1.099
[13,    80] loss: 1.099
[13,   120] loss: 1.098
[14,    40] loss: 1.099
[14,    80] loss: 1.099
[14,   120] loss: 1.098
[15,    40] loss: 1.099
[15,    80] loss: 1.099
[15,   120] loss: 1.099
[16,    40] loss: 1.099
[16,    80] loss: 1.099
[16,   120] loss: 1.099
[17,    40] loss: 1.099
[17,    80] loss: 1.099
[17,   120] loss: 1.098
[18,    40] loss: 1.098
[18,    80] loss: 1.099
[18,   120] loss: 1.099
[19,    40] loss: 1.099
[19,    80] loss: 1.099
[19,   120] loss: 1.098
[20,    40] loss: 1.099
[20,    80] loss: 1.099
[20,   120] loss: 1.099
[21,    40] loss: 1.099
[21,    80] loss: 1.099
[21,   120] loss: 1.098
[22,    40] loss: 1.099
[22,    80] loss: 1.098
[22,   120] loss: 1.099
[23,    40] loss: 1.099
[23,    80] loss: 1.098
[23,   120] loss: 1.099
[24,    40] loss: 1.099
[24,    80] loss: 1.099
[24,   120] loss: 1.098
[25,    40] loss: 1.099
[25,    80] loss: 1.098
[25,   120] loss: 1.099
[26,    40] loss: 1.098
[26,    80] loss: 1.098
[26,   120] loss: 1.099
[27,    40] loss: 1.098
[27,    80] loss: 1.098
[27,   120] loss: 1.098
[28,    40] loss: 1.098
[28,    80] loss: 1.098
[28,   120] loss: 1.098
[29,    40] loss: 1.098
[29,    80] loss: 1.098
[29,   120] loss: 1.098
[30,    40] loss: 1.098
[30,    80] loss: 1.097
[30,   120] loss: 1.097
[31,    40] loss: 1.097
[31,    80] loss: 1.096
[31,   120] loss: 1.095
[32,    40] loss: 1.094
[32,    80] loss: 1.093
[32,   120] loss: 1.091
[33,    40] loss: 1.088
[33,    80] loss: 1.087
[33,   120] loss: 1.082
[34,    40] loss: 1.079
[34,    80] loss: 1.081
[34,   120] loss: 1.078
[35,    40] loss: 1.077
[35,    80] loss: 1.074
[35,   120] loss: 1.071
[36,    40] loss: 1.068
[36,    80] loss: 1.069
[36,   120] loss: 1.069
[37,    40] loss: 1.064
[37,    80] loss: 1.061
[37,   120] loss: 1.063
[38,    40] loss: 1.061
[38,    80] loss: 1.060
[38,   120] loss: 1.050
[39,    40] loss: 1.053
[39,    80] loss: 1.054
[39,   120] loss: 1.051
[40,    40] loss: 1.046
[40,    80] loss: 1.046
[40,   120] loss: 1.037
[41,    40] loss: 1.028
[41,    80] loss: 1.028
[41,   120] loss: 1.012
[42,    40] loss: 1.013
[42,    80] loss: 1.009
[42,   120] loss: 1.007
[43,    40] loss: 1.001
[43,    80] loss: 1.007
[43,   120] loss: 0.987
[44,    40] loss: 0.979
[44,    80] loss: 0.986
[44,   120] loss: 0.976
[45,    40] loss: 0.965
[45,    80] loss: 0.956
[45,   120] loss: 0.951
[46,    40] loss: 0.931
[46,    80] loss: 0.932
[46,   120] loss: 0.927
[47,    40] loss: 0.903
[47,    80] loss: 0.885
[47,   120] loss: 0.904
[48,    40] loss: 0.875
[48,    80] loss: 0.868
[48,   120] loss: 0.846
[49,    40] loss: 0.827
[49,    80] loss: 0.829
[49,   120] loss: 0.811
[50,    40] loss: 0.787
[50,    80] loss: 0.774
[50,   120] loss: 0.752
[51,    40] loss: 0.736
[51,    80] loss: 0.709
[51,   120] loss: 0.711
[52,    40] loss: 0.667
[52,    80] loss: 0.688
[52,   120] loss: 0.654
[53,    40] loss: 0.633
[53,    80] loss: 0.612
[53,   120] loss: 0.628
[54,    40] loss: 0.557
[54,    80] loss: 0.572
[54,   120] loss: 0.600
[55,    40] loss: 0.529
[55,    80] loss: 0.538
[55,   120] loss: 0.525
[56,    40] loss: 0.474
[56,    80] loss: 0.487
[56,   120] loss: 0.473
[57,    40] loss: 0.420
[57,    80] loss: 0.442
[57,   120] loss: 0.445
[58,    40] loss: 0.378
[58,    80] loss: 0.400
[58,   120] loss: 0.428
[59,    40] loss: 0.372
[59,    80] loss: 0.388
[59,   120] loss: 0.379
[60,    40] loss: 0.349
[60,    80] loss: 0.342
[60,   120] loss: 0.350
[61,    40] loss: 0.321
[61,    80] loss: 0.331
[61,   120] loss: 0.321
[62,    40] loss: 0.282
[62,    80] loss: 0.280
[62,   120] loss: 0.313
[63,    40] loss: 0.258
[63,    80] loss: 0.266
[63,   120] loss: 0.276
[64,    40] loss: 0.245
[64,    80] loss: 0.291
[64,   120] loss: 0.258
[65,    40] loss: 0.226
[65,    80] loss: 0.234
[65,   120] loss: 0.255
[66,    40] loss: 0.216
[66,    80] loss: 0.228
[66,   120] loss: 0.232
[67,    40] loss: 0.189
[67,    80] loss: 0.219
[67,   120] loss: 0.231
[68,    40] loss: 0.202
[68,    80] loss: 0.223
[68,   120] loss: 0.214
[69,    40] loss: 0.172
[69,    80] loss: 0.195
[69,   120] loss: 0.191
[70,    40] loss: 0.169
[70,    80] loss: 0.182
[70,   120] loss: 0.185
[71,    40] loss: 0.156
[71,    80] loss: 0.157
[71,   120] loss: 0.163
[72,    40] loss: 0.173
[72,    80] loss: 0.182
[72,   120] loss: 0.164
[73,    40] loss: 0.155
[73,    80] loss: 0.147
[73,   120] loss: 0.155
[74,    40] loss: 0.140
[74,    80] loss: 0.135
[74,   120] loss: 0.145
[75,    40] loss: 0.125
[75,    80] loss: 0.133
[75,   120] loss: 0.140
[76,    40] loss: 0.127
[76,    80] loss: 0.117
[76,   120] loss: 0.128
[77,    40] loss: 0.144
[77,    80] loss: 0.148
[77,   120] loss: 0.144
[78,    40] loss: 0.101
[78,    80] loss: 0.121
[78,   120] loss: 0.134
[79,    40] loss: 0.098
[79,    80] loss: 0.108
[79,   120] loss: 0.128
[80,    40] loss: 0.130
[80,    80] loss: 0.104
[80,   120] loss: 0.101
[81,    40] loss: 0.089
[81,    80] loss: 0.096
[81,   120] loss: 0.109
[82,    40] loss: 0.102
[82,    80] loss: 0.105
[82,   120] loss: 0.093
[83,    40] loss: 0.083
[83,    80] loss: 0.099
[83,   120] loss: 0.105
[84,    40] loss: 0.090
[84,    80] loss: 0.084
[84,   120] loss: 0.107
[85,    40] loss: 0.091
[85,    80] loss: 0.101
[85,   120] loss: 0.123
[86,    40] loss: 0.132
[86,    80] loss: 0.093
[86,   120] loss: 0.085
[87,    40] loss: 0.065
[87,    80] loss: 0.082
[87,   120] loss: 0.087
[88,    40] loss: 0.067
[88,    80] loss: 0.104
[88,   120] loss: 0.133
[89,    40] loss: 0.084
[89,    80] loss: 0.076
[89,   120] loss: 0.123
[90,    40] loss: 0.077
[90,    80] loss: 0.065
[90,   120] loss: 0.065
[91,    40] loss: 0.088
[91,    80] loss: 0.073
[91,   120] loss: 0.065
[92,    40] loss: 0.060
[92,    80] loss: 0.054
[92,   120] loss: 0.074
[93,    40] loss: 0.052
[93,    80] loss: 0.056
[93,   120] loss: 0.072
[94,    40] loss: 0.051
[94,    80] loss: 0.061
[94,   120] loss: 0.071
[95,    40] loss: 0.051
[95,    80] loss: 0.068
[95,   120] loss: 0.093
[96,    40] loss: 0.052
[96,    80] loss: 0.089
[96,   120] loss: 0.081
[97,    40] loss: 0.053
[97,    80] loss: 0.053
[97,   120] loss: 0.075
[98,    40] loss: 0.065
[98,    80] loss: 0.072
[98,   120] loss: 0.083
[99,    40] loss: 0.054
[99,    80] loss: 0.061
[99,   120] loss: 0.060
[100,    40] loss: 0.042
[100,    80] loss: 0.052
[100,   120] loss: 0.073
Finished Training
Traceback (most recent call last):
  File "Attend_Conv.py", line 525, in <module>
    df.to_csv
NameError: name 'df' is not defined
