cuda
[1,   200] loss: 1.057
[1,   400] loss: 0.974
[1,   600] loss: 0.898
[2,   200] loss: 0.852
[2,   400] loss: 0.805
[2,   600] loss: 0.749
[3,   200] loss: 0.712
[3,   400] loss: 0.687
[3,   600] loss: 0.664
[4,   200] loss: 0.637
[4,   400] loss: 0.612
[4,   600] loss: 0.603
[5,   200] loss: 0.569
[5,   400] loss: 0.548
[5,   600] loss: 0.532
[6,   200] loss: 0.503
[6,   400] loss: 0.507
[6,   600] loss: 0.483
[7,   200] loss: 0.467
[7,   400] loss: 0.448
[7,   600] loss: 0.454
[8,   200] loss: 0.430
[8,   400] loss: 0.409
[8,   600] loss: 0.419
[9,   200] loss: 0.383
[9,   400] loss: 0.397
[9,   600] loss: 0.392
[10,   200] loss: 0.361
[10,   400] loss: 0.364
[10,   600] loss: 0.367
[11,   200] loss: 0.328
[11,   400] loss: 0.339
[11,   600] loss: 0.337
[12,   200] loss: 0.314
[12,   400] loss: 0.312
[12,   600] loss: 0.303
[13,   200] loss: 0.295
[13,   400] loss: 0.286
[13,   600] loss: 0.299
[14,   200] loss: 0.272
[14,   400] loss: 0.282
[14,   600] loss: 0.284
[15,   200] loss: 0.261
[15,   400] loss: 0.257
[15,   600] loss: 0.258
[16,   200] loss: 0.238
[16,   400] loss: 0.235
[16,   600] loss: 0.258
[17,   200] loss: 0.234
[17,   400] loss: 0.236
[17,   600] loss: 0.230
[18,   200] loss: 0.218
[18,   400] loss: 0.228
[18,   600] loss: 0.206
[19,   200] loss: 0.190
[19,   400] loss: 0.214
[19,   600] loss: 0.200
[20,   200] loss: 0.188
[20,   400] loss: 0.188
[20,   600] loss: 0.191
[21,   200] loss: 0.189
[21,   400] loss: 0.194
[21,   600] loss: 0.191
[22,   200] loss: 0.172
[22,   400] loss: 0.173
[22,   600] loss: 0.186
[23,   200] loss: 0.165
[23,   400] loss: 0.158
[23,   600] loss: 0.192
[24,   200] loss: 0.169
[24,   400] loss: 0.156
[24,   600] loss: 0.153
[25,   200] loss: 0.144
[25,   400] loss: 0.156
[25,   600] loss: 0.140
[26,   200] loss: 0.135
[26,   400] loss: 0.136
[26,   600] loss: 0.165
[27,   200] loss: 0.140
[27,   400] loss: 0.143
[27,   600] loss: 0.139
[28,   200] loss: 0.114
[28,   400] loss: 0.142
[28,   600] loss: 0.135
[29,   200] loss: 0.132
[29,   400] loss: 0.126
[29,   600] loss: 0.137
[30,   200] loss: 0.122
[30,   400] loss: 0.127
[30,   600] loss: 0.109
[31,   200] loss: 0.102
[31,   400] loss: 0.112
[31,   600] loss: 0.127
[32,   200] loss: 0.093
[32,   400] loss: 0.125
[32,   600] loss: 0.127
[33,   200] loss: 0.098
[33,   400] loss: 0.108
[33,   600] loss: 0.107
[34,   200] loss: 0.102
[34,   400] loss: 0.100
[34,   600] loss: 0.117
[35,   200] loss: 0.097
[35,   400] loss: 0.086
[35,   600] loss: 0.105
Finished Training
mosaic_data_training_accuracy : 0.9634
mosaic_data_test_accuracy : 0.9138
