cuda
Files already downloaded and verified
Files already downloaded and verified
[1,     1] acc: 0.000
[1,    40] loss: 2.297
[1,    80] loss: 2.181
[1,   120] loss: 2.027
[1,   160] loss: 1.923
[2,   197] acc: 0.207
[2,    40] loss: 1.683
[2,    80] loss: 1.609
[2,   120] loss: 1.541
[2,   160] loss: 1.513
[3,   197] acc: 0.360
[3,    40] loss: 1.487
[3,    80] loss: 1.443
[3,   120] loss: 1.430
[3,   160] loss: 1.407
[4,   197] acc: 0.404
[4,    40] loss: 1.371
[4,    80] loss: 1.354
[4,   120] loss: 1.352
[4,   160] loss: 1.331
[5,   197] acc: 0.432
[5,    40] loss: 1.302
[5,    80] loss: 1.302
[5,   120] loss: 1.278
[5,   160] loss: 1.266
[6,   197] acc: 0.455
[6,    40] loss: 1.255
[6,    80] loss: 1.249
[6,   120] loss: 1.232
[6,   160] loss: 1.226
[7,   197] acc: 0.469
[7,    40] loss: 1.203
[7,    80] loss: 1.217
[7,   120] loss: 1.205
[7,   160] loss: 1.179
[8,   197] acc: 0.482
[8,    40] loss: 1.166
[8,    80] loss: 1.157
[8,   120] loss: 1.179
[8,   160] loss: 1.176
[9,   197] acc: 0.491
[9,    40] loss: 1.128
[9,    80] loss: 1.134
[9,   120] loss: 1.148
[9,   160] loss: 1.140
[10,   197] acc: 0.501
[10,    40] loss: 1.135
[10,    80] loss: 1.107
[10,   120] loss: 1.139
[10,   160] loss: 1.133
[11,   197] acc: 0.502
[11,    40] loss: 1.101
[11,    80] loss: 1.119
[11,   120] loss: 1.111
[11,   160] loss: 1.121
[12,   197] acc: 0.510
[12,    40] loss: 1.084
[12,    80] loss: 1.071
[12,   120] loss: 1.091
[12,   160] loss: 1.105
[13,   197] acc: 0.517
[13,    40] loss: 1.065
[13,    80] loss: 1.076
[13,   120] loss: 1.085
[13,   160] loss: 1.092
[14,   197] acc: 0.519
[14,    40] loss: 1.068
[14,    80] loss: 1.069
[14,   120] loss: 1.056
[14,   160] loss: 1.053
[15,   197] acc: 0.525
[15,    40] loss: 1.064
[15,    80] loss: 1.051
[15,   120] loss: 1.068
[15,   160] loss: 1.035
[16,   197] acc: 0.528
[16,    40] loss: 1.023
[16,    80] loss: 1.047
[16,   120] loss: 1.029
[16,   160] loss: 1.048
[17,   197] acc: 0.533
[17,    40] loss: 1.020
[17,    80] loss: 0.999
[17,   120] loss: 1.039
[17,   160] loss: 1.022
[18,   197] acc: 0.538
[18,    40] loss: 1.008
[18,    80] loss: 1.034
[18,   120] loss: 1.021
[18,   160] loss: 1.037
[19,   197] acc: 0.536
[19,    40] loss: 1.010
[19,    80] loss: 1.003
[19,   120] loss: 1.020
[19,   160] loss: 1.014
[20,   197] acc: 0.541
[20,    40] loss: 0.992
[20,    80] loss: 1.016
[20,   120] loss: 1.015
[20,   160] loss: 1.005
[21,   197] acc: 0.542
[21,    40] loss: 0.988
[21,    80] loss: 0.994
[21,   120] loss: 0.988
[21,   160] loss: 0.990
[22,   197] acc: 0.545
[22,    40] loss: 0.977
[22,    80] loss: 0.990
[22,   120] loss: 0.985
[22,   160] loss: 1.007
[23,   197] acc: 0.546
[23,    40] loss: 0.982
[23,    80] loss: 0.990
[23,   120] loss: 1.007
[23,   160] loss: 0.969
[24,   197] acc: 0.549
[24,    40] loss: 0.962
[24,    80] loss: 0.965
[24,   120] loss: 0.988
[24,   160] loss: 0.984
[25,   197] acc: 0.551
[25,    40] loss: 0.962
[25,    80] loss: 0.955
[25,   120] loss: 0.974
[25,   160] loss: 0.984
[26,   197] acc: 0.551
[26,    40] loss: 0.954
[26,    80] loss: 0.958
[26,   120] loss: 0.962
[26,   160] loss: 0.988
[27,   197] acc: 0.552
[27,    40] loss: 0.930
[27,    80] loss: 0.966
[27,   120] loss: 0.956
[27,   160] loss: 0.965
[28,   197] acc: 0.557
[28,    40] loss: 0.955
[28,    80] loss: 0.986
[28,   120] loss: 0.943
[28,   160] loss: 0.968
[29,   197] acc: 0.556
[29,    40] loss: 0.939
[29,    80] loss: 0.959
[29,   120] loss: 0.950
[29,   160] loss: 0.977
[30,   197] acc: 0.557
[30,    40] loss: 0.947
[30,    80] loss: 0.944
[30,   120] loss: 0.961
[30,   160] loss: 0.973
[31,   197] acc: 0.557
[31,    40] loss: 0.912
[31,    80] loss: 0.963
[31,   120] loss: 0.951
[31,   160] loss: 0.956
[32,   197] acc: 0.557
[32,    40] loss: 0.955
[32,    80] loss: 0.941
[32,   120] loss: 0.942
[32,   160] loss: 0.928
[33,   197] acc: 0.560
[33,    40] loss: 0.931
[33,    80] loss: 0.958
[33,   120] loss: 0.930
[33,   160] loss: 0.950
[34,   197] acc: 0.560
[34,    40] loss: 0.923
[34,    80] loss: 0.923
[34,   120] loss: 0.937
[34,   160] loss: 0.934
[35,   197] acc: 0.564
[35,    40] loss: 0.941
[35,    80] loss: 0.941
[35,   120] loss: 0.931
[35,   160] loss: 0.953
[36,   197] acc: 0.563
[36,    40] loss: 0.904
[36,    80] loss: 0.918
[36,   120] loss: 0.950
[36,   160] loss: 0.952
[37,   197] acc: 0.563
[37,    40] loss: 0.909
[37,    80] loss: 0.934
[37,   120] loss: 0.952
[37,   160] loss: 0.920
[38,   197] acc: 0.565
[38,    40] loss: 0.890
[38,    80] loss: 0.939
[38,   120] loss: 0.939
[38,   160] loss: 0.951
[39,   197] acc: 0.563
[39,    40] loss: 0.914
[39,    80] loss: 0.925
[39,   120] loss: 0.912
[39,   160] loss: 0.905
[40,   197] acc: 0.567
[40,    40] loss: 0.924
[40,    80] loss: 0.907
[40,   120] loss: 0.921
[40,   160] loss: 0.926
[41,   197] acc: 0.566
[41,    40] loss: 0.905
[41,    80] loss: 0.907
[41,   120] loss: 0.930
[41,   160] loss: 0.934
[42,   197] acc: 0.568
[42,    40] loss: 0.943
[42,    80] loss: 0.910
[42,   120] loss: 0.918
[42,   160] loss: 0.916
[43,   197] acc: 0.565
[43,    40] loss: 0.896
[43,    80] loss: 0.901
[43,   120] loss: 0.925
[43,   160] loss: 0.907
[44,   197] acc: 0.570
[44,    40] loss: 0.902
[44,    80] loss: 0.911
[44,   120] loss: 0.923
[44,   160] loss: 0.913
[45,   197] acc: 0.567
[45,    40] loss: 0.877
[45,    80] loss: 0.904
[45,   120] loss: 0.909
[45,   160] loss: 0.917
[46,   197] acc: 0.572
[46,    40] loss: 0.919
[46,    80] loss: 0.909
[46,   120] loss: 0.913
[46,   160] loss: 0.936
[47,   197] acc: 0.567
[47,    40] loss: 0.895
[47,    80] loss: 0.909
[47,   120] loss: 0.906
[47,   160] loss: 0.904
[48,   197] acc: 0.571
[48,    40] loss: 0.898
[48,    80] loss: 0.915
[48,   120] loss: 0.911
[48,   160] loss: 0.934
[49,   197] acc: 0.569
[49,    40] loss: 0.891
[49,    80] loss: 0.900
[49,   120] loss: 0.927
[49,   160] loss: 0.899
[50,   197] acc: 0.571
[50,    40] loss: 0.889
[50,    80] loss: 0.893
[50,   120] loss: 0.917
[50,   160] loss: 0.907
[51,   197] acc: 0.570
[51,    40] loss: 0.880
[51,    80] loss: 0.883
[51,   120] loss: 0.940
[51,   160] loss: 0.923
[52,   197] acc: 0.572
[52,    40] loss: 0.902
[52,    80] loss: 0.891
[52,   120] loss: 0.900
[52,   160] loss: 0.917
[53,   197] acc: 0.570
[53,    40] loss: 0.897
[53,    80] loss: 0.912
[53,   120] loss: 0.928
[53,   160] loss: 0.899
[54,   197] acc: 0.569
[54,    40] loss: 0.892
[54,    80] loss: 0.876
[54,   120] loss: 0.900
[54,   160] loss: 0.910
[55,   197] acc: 0.576
[55,    40] loss: 0.913
[55,    80] loss: 0.873
[55,   120] loss: 0.903
[55,   160] loss: 0.894
[56,   197] acc: 0.572
[56,    40] loss: 0.888
[56,    80] loss: 0.866
[56,   120] loss: 0.902
[56,   160] loss: 0.907
[57,   197] acc: 0.575
[57,    40] loss: 0.880
[57,    80] loss: 0.869
[57,   120] loss: 0.885
[57,   160] loss: 0.907
[58,   197] acc: 0.576
[58,    40] loss: 0.883
[58,    80] loss: 0.887
[58,   120] loss: 0.890
[58,   160] loss: 0.899
[59,   197] acc: 0.574
[59,    40] loss: 0.893
[59,    80] loss: 0.893
[59,   120] loss: 0.898
[59,   160] loss: 0.887
[60,   197] acc: 0.575
[60,    40] loss: 0.891
[60,    80] loss: 0.884
[60,   120] loss: 0.887
[60,   160] loss: 0.882
[61,   197] acc: 0.576
[61,    40] loss: 0.889
[61,    80] loss: 0.885
[61,   120] loss: 0.885
[61,   160] loss: 0.881
[62,   197] acc: 0.576
[62,    40] loss: 0.881
[62,    80] loss: 0.873
[62,   120] loss: 0.908
[62,   160] loss: 0.874
[63,   197] acc: 0.575
[63,    40] loss: 0.903
[63,    80] loss: 0.871
[63,   120] loss: 0.882
[63,   160] loss: 0.880
[64,   197] acc: 0.576
[64,    40] loss: 0.865
[64,    80] loss: 0.866
[64,   120] loss: 0.906
[64,   160] loss: 0.882
[65,   197] acc: 0.577
[65,    40] loss: 0.868
[65,    80] loss: 0.883
[65,   120] loss: 0.905
[65,   160] loss: 0.884
[66,   197] acc: 0.577
[66,    40] loss: 0.891
[66,    80] loss: 0.870
[66,   120] loss: 0.896
[66,   160] loss: 0.879
[67,   197] acc: 0.577
[67,    40] loss: 0.872
[67,    80] loss: 0.885
[67,   120] loss: 0.869
[67,   160] loss: 0.891
[68,   197] acc: 0.577
[68,    40] loss: 0.874
[68,    80] loss: 0.866
[68,   120] loss: 0.868
[68,   160] loss: 0.882
[69,   197] acc: 0.577
[69,    40] loss: 0.864
[69,    80] loss: 0.875
[69,   120] loss: 0.884
[69,   160] loss: 0.884
[70,   197] acc: 0.579
[70,    40] loss: 0.875
[70,    80] loss: 0.882
[70,   120] loss: 0.897
[70,   160] loss: 0.867
[71,   197] acc: 0.576
[71,    40] loss: 0.851
[71,    80] loss: 0.878
[71,   120] loss: 0.900
[71,   160] loss: 0.875
[72,   197] acc: 0.580
[72,    40] loss: 0.856
[72,    80] loss: 0.868
[72,   120] loss: 0.895
[72,   160] loss: 0.879
[73,   197] acc: 0.579
[73,    40] loss: 0.863
[73,    80] loss: 0.867
[73,   120] loss: 0.891
[73,   160] loss: 0.880
[74,   197] acc: 0.581
[74,    40] loss: 0.860
[74,    80] loss: 0.864
[74,   120] loss: 0.890
[74,   160] loss: 0.860
[75,   197] acc: 0.581
[75,    40] loss: 0.889
[75,    80] loss: 0.880
[75,   120] loss: 0.867
[75,   160] loss: 0.884
[76,   197] acc: 0.578
[76,    40] loss: 0.863
[76,    80] loss: 0.870
[76,   120] loss: 0.889
[76,   160] loss: 0.870
[77,   197] acc: 0.581
[77,    40] loss: 0.878
[77,    80] loss: 0.859
[77,   120] loss: 0.869
[77,   160] loss: 0.861
[78,   197] acc: 0.581
[78,    40] loss: 0.848
[78,    80] loss: 0.874
[78,   120] loss: 0.873
[78,   160] loss: 0.887
[79,   197] acc: 0.580
[79,    40] loss: 0.864
[79,    80] loss: 0.871
[79,   120] loss: 0.857
[79,   160] loss: 0.882
[80,   197] acc: 0.582
[80,    40] loss: 0.853
[80,    80] loss: 0.873
[80,   120] loss: 0.873
[80,   160] loss: 0.874
[81,   197] acc: 0.581
[81,    40] loss: 0.850
[81,    80] loss: 0.876
[81,   120] loss: 0.877
[81,   160] loss: 0.878
[82,   197] acc: 0.579
[82,    40] loss: 0.868
[82,    80] loss: 0.861
[82,   120] loss: 0.860
[82,   160] loss: 0.874
[83,   197] acc: 0.583
[83,    40] loss: 0.844
[83,    80] loss: 0.853
[83,   120] loss: 0.868
[83,   160] loss: 0.898
[84,   197] acc: 0.582
[84,    40] loss: 0.876
[84,    80] loss: 0.836
[84,   120] loss: 0.872
[84,   160] loss: 0.879
[85,   197] acc: 0.582
[85,    40] loss: 0.872
[85,    80] loss: 0.871
[85,   120] loss: 0.879
[85,   160] loss: 0.842
[86,   197] acc: 0.583
[86,    40] loss: 0.880
[86,    80] loss: 0.865
[86,   120] loss: 0.844
[86,   160] loss: 0.866
[87,   197] acc: 0.582
[87,    40] loss: 0.857
[87,    80] loss: 0.870
[87,   120] loss: 0.887
[87,   160] loss: 0.883
[88,   197] acc: 0.583
[88,    40] loss: 0.850
[88,    80] loss: 0.857
[88,   120] loss: 0.872
[88,   160] loss: 0.877
[89,   197] acc: 0.582
[89,    40] loss: 0.850
[89,    80] loss: 0.850
[89,   120] loss: 0.870
[89,   160] loss: 0.883
[90,   197] acc: 0.583
[90,    40] loss: 0.852
[90,    80] loss: 0.865
[90,   120] loss: 0.865
[90,   160] loss: 0.863
[91,   197] acc: 0.584
[91,    40] loss: 0.848
[91,    80] loss: 0.860
[91,   120] loss: 0.870
[91,   160] loss: 0.869
[92,   197] acc: 0.583
[92,    40] loss: 0.858
[92,    80] loss: 0.865
[92,   120] loss: 0.861
[92,   160] loss: 0.866
[93,   197] acc: 0.584
[93,    40] loss: 0.850
[93,    80] loss: 0.874
[93,   120] loss: 0.878
[93,   160] loss: 0.862
[94,   197] acc: 0.583
[94,    40] loss: 0.836
[94,    80] loss: 0.859
[94,   120] loss: 0.863
[94,   160] loss: 0.873
[95,   197] acc: 0.584
[95,    40] loss: 0.850
[95,    80] loss: 0.875
[95,   120] loss: 0.839
[95,   160] loss: 0.882
[96,   197] acc: 0.584
[96,    40] loss: 0.851
[96,    80] loss: 0.847
[96,   120] loss: 0.866
[96,   160] loss: 0.841
[97,   197] acc: 0.586
[97,    40] loss: 0.889
[97,    80] loss: 0.847
[97,   120] loss: 0.858
[97,   160] loss: 0.852
[98,   197] acc: 0.584
[98,    40] loss: 0.837
[98,    80] loss: 0.844
[98,   120] loss: 0.850
[98,   160] loss: 0.885
[99,   197] acc: 0.586
[99,    40] loss: 0.840
[99,    80] loss: 0.873
[99,   120] loss: 0.867
[99,   160] loss: 0.880
[100,   197] acc: 0.584
[100,    40] loss: 0.864
[100,    80] loss: 0.835
[100,   120] loss: 0.861
[100,   160] loss: 0.856
Finished Training
[1,    40] loss: 1.146
[1,    80] loss: 1.100
[1,   120] loss: 1.028
[2,    40] loss: 0.876
[2,    80] loss: 0.825
[2,   120] loss: 0.781
[3,    40] loss: 0.737
[3,    80] loss: 0.742
[3,   120] loss: 0.729
[4,    40] loss: 0.708
[4,    80] loss: 0.711
[4,   120] loss: 0.708
[5,    40] loss: 0.702
[5,    80] loss: 0.684
[5,   120] loss: 0.694
focibly_true_accuracy:  12943
[6,    40] loss: 0.686
[6,    80] loss: 0.680
[6,   120] loss: 0.682
[7,    40] loss: 0.674
[7,    80] loss: 0.676
[7,   120] loss: 0.667
[8,    40] loss: 0.665
[8,    80] loss: 0.659
[8,   120] loss: 0.671
[9,    40] loss: 0.660
[9,    80] loss: 0.658
[9,   120] loss: 0.659
[10,    40] loss: 0.643
[10,    80] loss: 0.654
[10,   120] loss: 0.660
focibly_true_accuracy:  13057
[11,    40] loss: 0.646
[11,    80] loss: 0.637
[11,   120] loss: 0.656
[12,    40] loss: 0.641
[12,    80] loss: 0.630
[12,   120] loss: 0.648
[13,    40] loss: 0.634
[13,    80] loss: 0.633
[13,   120] loss: 0.638
[14,    40] loss: 0.623
[14,    80] loss: 0.638
[14,   120] loss: 0.629
[15,    40] loss: 0.617
[15,    80] loss: 0.633
[15,   120] loss: 0.623
focibly_true_accuracy:  13130
[16,    40] loss: 0.611
[16,    80] loss: 0.618
[16,   120] loss: 0.632
[17,    40] loss: 0.613
[17,    80] loss: 0.607
[17,   120] loss: 0.632
[18,    40] loss: 0.608
[18,    80] loss: 0.620
[18,   120] loss: 0.610
[19,    40] loss: 0.605
[19,    80] loss: 0.611
[19,   120] loss: 0.609
[20,    40] loss: 0.605
[20,    80] loss: 0.603
[20,   120] loss: 0.606
focibly_true_accuracy:  13220
[21,    40] loss: 0.601
[21,    80] loss: 0.612
[21,   120] loss: 0.595
[22,    40] loss: 0.593
[22,    80] loss: 0.601
[22,   120] loss: 0.604
[23,    40] loss: 0.600
[23,    80] loss: 0.591
[23,   120] loss: 0.595
[24,    40] loss: 0.599
[24,    80] loss: 0.586
[24,   120] loss: 0.588
[25,    40] loss: 0.583
[25,    80] loss: 0.600
[25,   120] loss: 0.583
focibly_true_accuracy:  13166
[26,    40] loss: 0.582
[26,    80] loss: 0.582
[26,   120] loss: 0.592
[27,    40] loss: 0.586
[27,    80] loss: 0.578
[27,   120] loss: 0.587
[28,    40] loss: 0.576
[28,    80] loss: 0.583
[28,   120] loss: 0.584
[29,    40] loss: 0.574
[29,    80] loss: 0.571
[29,   120] loss: 0.585
[30,    40] loss: 0.568
[30,    80] loss: 0.581
[30,   120] loss: 0.573
focibly_true_accuracy:  13192
[31,    40] loss: 0.570
[31,    80] loss: 0.578
[31,   120] loss: 0.568
[32,    40] loss: 0.571
[32,    80] loss: 0.568
[32,   120] loss: 0.571
[33,    40] loss: 0.557
[33,    80] loss: 0.573
[33,   120] loss: 0.573
[34,    40] loss: 0.565
[34,    80] loss: 0.562
[34,   120] loss: 0.564
[35,    40] loss: 0.550
[35,    80] loss: 0.570
[35,   120] loss: 0.565
focibly_true_accuracy:  13144
[36,    40] loss: 0.556
[36,    80] loss: 0.561
[36,   120] loss: 0.564
[37,    40] loss: 0.556
[37,    80] loss: 0.559
[37,   120] loss: 0.560
[38,    40] loss: 0.546
[38,    80] loss: 0.555
[38,   120] loss: 0.561
[39,    40] loss: 0.544
[39,    80] loss: 0.566
[39,   120] loss: 0.549
[40,    40] loss: 0.550
[40,    80] loss: 0.552
[40,   120] loss: 0.549
focibly_true_accuracy:  13185
[41,    40] loss: 0.549
[41,    80] loss: 0.547
[41,   120] loss: 0.547
[42,    40] loss: 0.547
[42,    80] loss: 0.546
[42,   120] loss: 0.544
[43,    40] loss: 0.531
[43,    80] loss: 0.557
[43,   120] loss: 0.541
[44,    40] loss: 0.543
[44,    80] loss: 0.532
[44,   120] loss: 0.549
[45,    40] loss: 0.536
[45,    80] loss: 0.548
[45,   120] loss: 0.540
focibly_true_accuracy:  13164
[46,    40] loss: 0.544
[46,    80] loss: 0.536
[46,   120] loss: 0.546
[47,    40] loss: 0.531
[47,    80] loss: 0.544
[47,   120] loss: 0.533
[48,    40] loss: 0.532
[48,    80] loss: 0.533
[48,   120] loss: 0.540
[49,    40] loss: 0.532
[49,    80] loss: 0.535
[49,   120] loss: 0.533
[50,    40] loss: 0.524
[50,    80] loss: 0.535
[50,   120] loss: 0.529
focibly_true_accuracy:  13159
[51,    40] loss: 0.528
[51,    80] loss: 0.532
[51,   120] loss: 0.524
[52,    40] loss: 0.516
[52,    80] loss: 0.533
[52,   120] loss: 0.532
[53,    40] loss: 0.530
[53,    80] loss: 0.522
[53,   120] loss: 0.526
[54,    40] loss: 0.528
[54,    80] loss: 0.522
[54,   120] loss: 0.523
[55,    40] loss: 0.517
[55,    80] loss: 0.528
[55,   120] loss: 0.520
focibly_true_accuracy:  13232
[56,    40] loss: 0.518
[56,    80] loss: 0.526
[56,   120] loss: 0.516
[57,    40] loss: 0.520
[57,    80] loss: 0.534
[57,   120] loss: 0.516
[58,    40] loss: 0.518
[58,    80] loss: 0.516
[58,   120] loss: 0.516
[59,    40] loss: 0.509
[59,    80] loss: 0.516
[59,   120] loss: 0.523
[60,    40] loss: 0.503
[60,    80] loss: 0.514
[60,   120] loss: 0.523
focibly_true_accuracy:  13214
[61,    40] loss: 0.509
[61,    80] loss: 0.511
[61,   120] loss: 0.516
[62,    40] loss: 0.506
[62,    80] loss: 0.508
[62,   120] loss: 0.515
[63,    40] loss: 0.507
[63,    80] loss: 0.520
[63,   120] loss: 0.504
[64,    40] loss: 0.494
[64,    80] loss: 0.516
[64,   120] loss: 0.511
[65,    40] loss: 0.509
[65,    80] loss: 0.493
[65,   120] loss: 0.515
focibly_true_accuracy:  13179
[66,    40] loss: 0.506
[66,    80] loss: 0.503
[66,   120] loss: 0.503
[67,    40] loss: 0.500
[67,    80] loss: 0.498
[67,   120] loss: 0.512
[68,    40] loss: 0.495
[68,    80] loss: 0.506
[68,   120] loss: 0.501
[69,    40] loss: 0.505
[69,    80] loss: 0.500
[69,   120] loss: 0.501
[70,    40] loss: 0.503
[70,    80] loss: 0.494
[70,   120] loss: 0.501
focibly_true_accuracy:  13187
[71,    40] loss: 0.498
[71,    80] loss: 0.494
[71,   120] loss: 0.500
[72,    40] loss: 0.486
[72,    80] loss: 0.498
[72,   120] loss: 0.503
[73,    40] loss: 0.500
[73,    80] loss: 0.497
[73,   120] loss: 0.490
[74,    40] loss: 0.489
[74,    80] loss: 0.488
[74,   120] loss: 0.501
[75,    40] loss: 0.483
[75,    80] loss: 0.499
[75,   120] loss: 0.506
focibly_true_accuracy:  13253
[76,    40] loss: 0.479
[76,    80] loss: 0.491
[76,   120] loss: 0.502
[77,    40] loss: 0.490
[77,    80] loss: 0.480
[77,   120] loss: 0.499
[78,    40] loss: 0.491
[78,    80] loss: 0.489
[78,   120] loss: 0.488
[79,    40] loss: 0.482
[79,    80] loss: 0.484
[79,   120] loss: 0.499
[80,    40] loss: 0.487
[80,    80] loss: 0.487
[80,   120] loss: 0.487
focibly_true_accuracy:  13113
[81,    40] loss: 0.479
[81,    80] loss: 0.485
[81,   120] loss: 0.490
[82,    40] loss: 0.491
[82,    80] loss: 0.478
[82,   120] loss: 0.488
[83,    40] loss: 0.479
[83,    80] loss: 0.479
[83,   120] loss: 0.487
[84,    40] loss: 0.480
[84,    80] loss: 0.478
[84,   120] loss: 0.488
[85,    40] loss: 0.476
[85,    80] loss: 0.481
[85,   120] loss: 0.483
focibly_true_accuracy:  13218
[86,    40] loss: 0.476
[86,    80] loss: 0.483
[86,   120] loss: 0.474
[87,    40] loss: 0.478
[87,    80] loss: 0.481
[87,   120] loss: 0.482
[88,    40] loss: 0.472
[88,    80] loss: 0.473
[88,   120] loss: 0.489
[89,    40] loss: 0.470
[89,    80] loss: 0.473
[89,   120] loss: 0.481
[90,    40] loss: 0.481
[90,    80] loss: 0.477
[90,   120] loss: 0.473
focibly_true_accuracy:  13094
[91,    40] loss: 0.480
[91,    80] loss: 0.473
[91,   120] loss: 0.475
[92,    40] loss: 0.471
[92,    80] loss: 0.469
[92,   120] loss: 0.483
[93,    40] loss: 0.469
[93,    80] loss: 0.474
[93,   120] loss: 0.473
[94,    40] loss: 0.472
[94,    80] loss: 0.467
[94,   120] loss: 0.474
[95,    40] loss: 0.462
[95,    80] loss: 0.466
[95,   120] loss: 0.480
focibly_true_accuracy:  13177
[96,    40] loss: 0.463
[96,    80] loss: 0.468
[96,   120] loss: 0.475
[97,    40] loss: 0.466
[97,    80] loss: 0.466
[97,   120] loss: 0.476
[98,    40] loss: 0.462
[98,    80] loss: 0.466
[98,   120] loss: 0.470
[99,    40] loss: 0.463
[99,    80] loss: 0.466
[99,   120] loss: 0.469
[100,    40] loss: 0.461
[100,    80] loss: 0.466
[100,   120] loss: 0.470
focibly_true_accuracy:  13211
[101,    40] loss: 0.451
[101,    80] loss: 0.474
[101,   120] loss: 0.470
[102,    40] loss: 0.463
[102,    80] loss: 0.457
[102,   120] loss: 0.467
[103,    40] loss: 0.459
[103,    80] loss: 0.469
[103,   120] loss: 0.462
[104,    40] loss: 0.456
[104,    80] loss: 0.460
[104,   120] loss: 0.465
[105,    40] loss: 0.464
[105,    80] loss: 0.459
[105,   120] loss: 0.456
focibly_true_accuracy:  13192
[106,    40] loss: 0.455
[106,    80] loss: 0.461
[106,   120] loss: 0.454
[107,    40] loss: 0.464
[107,    80] loss: 0.456
[107,   120] loss: 0.457
[108,    40] loss: 0.461
[108,    80] loss: 0.464
[108,   120] loss: 0.445
[109,    40] loss: 0.445
[109,    80] loss: 0.458
[109,   120] loss: 0.466
[110,    40] loss: 0.448
[110,    80] loss: 0.454
[110,   120] loss: 0.460
focibly_true_accuracy:  13209
[111,    40] loss: 0.449
[111,    80] loss: 0.467
[111,   120] loss: 0.457
[112,    40] loss: 0.446
[112,    80] loss: 0.463
[112,   120] loss: 0.455
[113,    40] loss: 0.449
[113,    80] loss: 0.458
[113,   120] loss: 0.452
[114,    40] loss: 0.452
[114,    80] loss: 0.452
[114,   120] loss: 0.452
[115,    40] loss: 0.446
[115,    80] loss: 0.457
[115,   120] loss: 0.448
focibly_true_accuracy:  13135
[116,    40] loss: 0.440
[116,    80] loss: 0.451
[116,   120] loss: 0.457
[117,    40] loss: 0.446
[117,    80] loss: 0.448
[117,   120] loss: 0.449
[118,    40] loss: 0.444
[118,    80] loss: 0.460
[118,   120] loss: 0.440
[119,    40] loss: 0.442
[119,    80] loss: 0.449
[119,   120] loss: 0.453
[120,    40] loss: 0.451
[120,    80] loss: 0.439
[120,   120] loss: 0.448
focibly_true_accuracy:  13228
[121,    40] loss: 0.448
[121,    80] loss: 0.440
[121,   120] loss: 0.441
[122,    40] loss: 0.448
[122,    80] loss: 0.443
[122,   120] loss: 0.446
[123,    40] loss: 0.446
[123,    80] loss: 0.448
[123,   120] loss: 0.443
[124,    40] loss: 0.433
[124,    80] loss: 0.445
[124,   120] loss: 0.451
[125,    40] loss: 0.442
[125,    80] loss: 0.446
[125,   120] loss: 0.441
focibly_true_accuracy:  13217
[126,    40] loss: 0.446
[126,    80] loss: 0.443
[126,   120] loss: 0.435
[127,    40] loss: 0.432
[127,    80] loss: 0.445
[127,   120] loss: 0.441
[128,    40] loss: 0.447
[128,    80] loss: 0.456
[128,   120] loss: 0.427
[129,    40] loss: 0.428
[129,    80] loss: 0.458
[129,   120] loss: 0.433
[130,    40] loss: 0.436
[130,    80] loss: 0.435
[130,   120] loss: 0.436
focibly_true_accuracy:  13148
[131,    40] loss: 0.432
[131,    80] loss: 0.443
[131,   120] loss: 0.440
[132,    40] loss: 0.433
[132,    80] loss: 0.442
[132,   120] loss: 0.437
[133,    40] loss: 0.439
[133,    80] loss: 0.422
[133,   120] loss: 0.445
[134,    40] loss: 0.437
[134,    80] loss: 0.427
[134,   120] loss: 0.435
[135,    40] loss: 0.435
[135,    80] loss: 0.448
[135,   120] loss: 0.430
focibly_true_accuracy:  13185
[136,    40] loss: 0.435
[136,    80] loss: 0.421
[136,   120] loss: 0.443
[137,    40] loss: 0.419
[137,    80] loss: 0.439
[137,   120] loss: 0.440
[138,    40] loss: 0.429
[138,    80] loss: 0.439
[138,   120] loss: 0.432
[139,    40] loss: 0.422
[139,    80] loss: 0.428
[139,   120] loss: 0.453
[140,    40] loss: 0.434
[140,    80] loss: 0.432
[140,   120] loss: 0.428
focibly_true_accuracy:  13130
[141,    40] loss: 0.428
[141,    80] loss: 0.426
[141,   120] loss: 0.429
[142,    40] loss: 0.412
[142,    80] loss: 0.431
[142,   120] loss: 0.443
[143,    40] loss: 0.431
[143,    80] loss: 0.430
[143,   120] loss: 0.424
[144,    40] loss: 0.427
[144,    80] loss: 0.422
[144,   120] loss: 0.427
[145,    40] loss: 0.416
[145,    80] loss: 0.427
[145,   120] loss: 0.434
focibly_true_accuracy:  13106
[146,    40] loss: 0.425
[146,    80] loss: 0.423
[146,   120] loss: 0.430
[147,    40] loss: 0.419
[147,    80] loss: 0.419
[147,   120] loss: 0.433
[148,    40] loss: 0.418
[148,    80] loss: 0.429
[148,   120] loss: 0.424
[149,    40] loss: 0.427
[149,    80] loss: 0.424
[149,   120] loss: 0.422
[150,    40] loss: 0.416
[150,    80] loss: 0.418
[150,   120] loss: 0.431
focibly_true_accuracy:  13146
[151,    40] loss: 0.412
[151,    80] loss: 0.415
[151,   120] loss: 0.437
[152,    40] loss: 0.418
[152,    80] loss: 0.423
[152,   120] loss: 0.420
[153,    40] loss: 0.418
[153,    80] loss: 0.426
[153,   120] loss: 0.424
[154,    40] loss: 0.406
[154,    80] loss: 0.424
[154,   120] loss: 0.422
[155,    40] loss: 0.417
[155,    80] loss: 0.422
[155,   120] loss: 0.420
focibly_true_accuracy:  13149
[156,    40] loss: 0.414
[156,    80] loss: 0.431
[156,   120] loss: 0.410
[157,    40] loss: 0.420
[157,    80] loss: 0.414
[157,   120] loss: 0.428
[158,    40] loss: 0.407
[158,    80] loss: 0.410
[158,   120] loss: 0.430
[159,    40] loss: 0.402
[159,    80] loss: 0.420
[159,   120] loss: 0.427
[160,    40] loss: 0.409
[160,    80] loss: 0.415
[160,   120] loss: 0.426
focibly_true_accuracy:  13166
[161,    40] loss: 0.410
[161,    80] loss: 0.424
[161,   120] loss: 0.426
[162,    40] loss: 0.405
[162,    80] loss: 0.426
[162,   120] loss: 0.410
[163,    40] loss: 0.418
[163,    80] loss: 0.408
[163,   120] loss: 0.420
[164,    40] loss: 0.398
[164,    80] loss: 0.427
[164,   120] loss: 0.412
[165,    40] loss: 0.416
[165,    80] loss: 0.414
[165,   120] loss: 0.414
focibly_true_accuracy:  13108
[166,    40] loss: 0.408
[166,    80] loss: 0.402
[166,   120] loss: 0.428
[167,    40] loss: 0.402
[167,    80] loss: 0.416
[167,   120] loss: 0.419
[168,    40] loss: 0.395
[168,    80] loss: 0.421
[168,   120] loss: 0.418
[169,    40] loss: 0.410
[169,    80] loss: 0.413
[169,   120] loss: 0.407
[170,    40] loss: 0.400
[170,    80] loss: 0.419
[170,   120] loss: 0.409
focibly_true_accuracy:  13161
[171,    40] loss: 0.408
[171,    80] loss: 0.407
[171,   120] loss: 0.409
[172,    40] loss: 0.407
[172,    80] loss: 0.409
[172,   120] loss: 0.412
[173,    40] loss: 0.402
[173,    80] loss: 0.404
[173,   120] loss: 0.412
[174,    40] loss: 0.402
[174,    80] loss: 0.400
[174,   120] loss: 0.419
[175,    40] loss: 0.398
[175,    80] loss: 0.410
[175,   120] loss: 0.412
focibly_true_accuracy:  13108
[176,    40] loss: 0.399
[176,    80] loss: 0.416
[176,   120] loss: 0.406
[177,    40] loss: 0.404
[177,    80] loss: 0.410
[177,   120] loss: 0.411
[178,    40] loss: 0.402
[178,    80] loss: 0.412
[178,   120] loss: 0.412
[179,    40] loss: 0.419
[179,    80] loss: 0.408
[179,   120] loss: 0.397
[180,    40] loss: 0.400
[180,    80] loss: 0.405
[180,   120] loss: 0.410
focibly_true_accuracy:  12995
[181,    40] loss: 0.400
[181,    80] loss: 0.402
[181,   120] loss: 0.413
[182,    40] loss: 0.402
[182,    80] loss: 0.400
[182,   120] loss: 0.404
[183,    40] loss: 0.399
[183,    80] loss: 0.390
[183,   120] loss: 0.413
[184,    40] loss: 0.406
[184,    80] loss: 0.389
[184,   120] loss: 0.408
[185,    40] loss: 0.390
[185,    80] loss: 0.395
[185,   120] loss: 0.408
focibly_true_accuracy:  13153
[186,    40] loss: 0.395
[186,    80] loss: 0.409
[186,   120] loss: 0.399
[187,    40] loss: 0.391
[187,    80] loss: 0.395
[187,   120] loss: 0.407
[188,    40] loss: 0.402
[188,    80] loss: 0.401
[188,   120] loss: 0.404
[189,    40] loss: 0.383
[189,    80] loss: 0.396
[189,   120] loss: 0.411
[190,    40] loss: 0.389
[190,    80] loss: 0.397
[190,   120] loss: 0.402
focibly_true_accuracy:  13177
[191,    40] loss: 0.399
[191,    80] loss: 0.398
[191,   120] loss: 0.400
[192,    40] loss: 0.388
[192,    80] loss: 0.407
[192,   120] loss: 0.393
[193,    40] loss: 0.392
[193,    80] loss: 0.392
[193,   120] loss: 0.409
[194,    40] loss: 0.392
[194,    80] loss: 0.400
[194,   120] loss: 0.393
[195,    40] loss: 0.389
[195,    80] loss: 0.392
[195,   120] loss: 0.405
focibly_true_accuracy:  13175
[196,    40] loss: 0.391
[196,    80] loss: 0.394
[196,   120] loss: 0.400
[197,    40] loss: 0.397
[197,    80] loss: 0.390
[197,   120] loss: 0.391
[198,    40] loss: 0.386
[198,    80] loss: 0.395
[198,   120] loss: 0.391
[199,    40] loss: 0.386
[199,    80] loss: 0.388
[199,   120] loss: 0.400
[200,    40] loss: 0.382
[200,    80] loss: 0.400
[200,   120] loss: 0.399
focibly_true_accuracy:  13137
[201,    40] loss: 0.389
[201,    80] loss: 0.395
[201,   120] loss: 0.393
[202,    40] loss: 0.384
[202,    80] loss: 0.399
[202,   120] loss: 0.395
[203,    40] loss: 0.389
[203,    80] loss: 0.399
[203,   120] loss: 0.404
[204,    40] loss: 0.391
[204,    80] loss: 0.381
[204,   120] loss: 0.404
[205,    40] loss: 0.387
[205,    80] loss: 0.392
[205,   120] loss: 0.383
focibly_true_accuracy:  13135
[206,    40] loss: 0.383
[206,    80] loss: 0.390
[206,   120] loss: 0.395
[207,    40] loss: 0.375
[207,    80] loss: 0.384
[207,   120] loss: 0.406
[208,    40] loss: 0.377
[208,    80] loss: 0.390
[208,   120] loss: 0.389
[209,    40] loss: 0.385
[209,    80] loss: 0.385
[209,   120] loss: 0.397
[210,    40] loss: 0.380
[210,    80] loss: 0.380
[210,   120] loss: 0.401
focibly_true_accuracy:  13182
[211,    40] loss: 0.385
[211,    80] loss: 0.386
[211,   120] loss: 0.404
[212,    40] loss: 0.393
[212,    80] loss: 0.379
[212,   120] loss: 0.388
[213,    40] loss: 0.382
[213,    80] loss: 0.390
[213,   120] loss: 0.390
[214,    40] loss: 0.384
[214,    80] loss: 0.378
[214,   120] loss: 0.397
[215,    40] loss: 0.381
[215,    80] loss: 0.383
[215,   120] loss: 0.387
focibly_true_accuracy:  13141
[216,    40] loss: 0.375
[216,    80] loss: 0.380
[216,   120] loss: 0.393
[217,    40] loss: 0.379
[217,    80] loss: 0.388
[217,   120] loss: 0.385
[218,    40] loss: 0.375
[218,    80] loss: 0.377
[218,   120] loss: 0.386
[219,    40] loss: 0.390
[219,    80] loss: 0.384
[219,   120] loss: 0.388
[220,    40] loss: 0.382
[220,    80] loss: 0.379
[220,   120] loss: 0.390
focibly_true_accuracy:  13173
[221,    40] loss: 0.376
[221,    80] loss: 0.381
[221,   120] loss: 0.388
[222,    40] loss: 0.385
[222,    80] loss: 0.373
[222,   120] loss: 0.388
[223,    40] loss: 0.382
[223,    80] loss: 0.373
[223,   120] loss: 0.390
[224,    40] loss: 0.378
[224,    80] loss: 0.389
[224,   120] loss: 0.377
[225,    40] loss: 0.379
[225,    80] loss: 0.375
[225,   120] loss: 0.386
focibly_true_accuracy:  13193
[226,    40] loss: 0.368
[226,    80] loss: 0.379
[226,   120] loss: 0.390
[227,    40] loss: 0.375
[227,    80] loss: 0.376
[227,   120] loss: 0.374
[228,    40] loss: 0.367
[228,    80] loss: 0.380
[228,   120] loss: 0.390
[229,    40] loss: 0.381
[229,    80] loss: 0.376
[229,   120] loss: 0.376
[230,    40] loss: 0.370
[230,    80] loss: 0.385
[230,   120] loss: 0.376
focibly_true_accuracy:  13215
[231,    40] loss: 0.364
[231,    80] loss: 0.393
[231,   120] loss: 0.370
[232,    40] loss: 0.367
[232,    80] loss: 0.376
[232,   120] loss: 0.385
[233,    40] loss: 0.368
[233,    80] loss: 0.375
[233,   120] loss: 0.382
[234,    40] loss: 0.364
[234,    80] loss: 0.387
[234,   120] loss: 0.378
[235,    40] loss: 0.364
[235,    80] loss: 0.364
[235,   120] loss: 0.386
focibly_true_accuracy:  13189
[236,    40] loss: 0.375
[236,    80] loss: 0.367
[236,   120] loss: 0.367
[237,    40] loss: 0.383
[237,    80] loss: 0.376
[237,   120] loss: 0.372
[238,    40] loss: 0.375
[238,    80] loss: 0.367
[238,   120] loss: 0.370
[239,    40] loss: 0.370
[239,    80] loss: 0.375
[239,   120] loss: 0.368
[240,    40] loss: 0.365
[240,    80] loss: 0.372
[240,   120] loss: 0.385
focibly_true_accuracy:  13073
[241,    40] loss: 0.370
[241,    80] loss: 0.358
[241,   120] loss: 0.390
[242,    40] loss: 0.367
[242,    80] loss: 0.365
[242,   120] loss: 0.380
[243,    40] loss: 0.369
[243,    80] loss: 0.362
[243,   120] loss: 0.376
[244,    40] loss: 0.368
[244,    80] loss: 0.362
[244,   120] loss: 0.377
[245,    40] loss: 0.372
[245,    80] loss: 0.365
[245,   120] loss: 0.371
focibly_true_accuracy:  13143
[246,    40] loss: 0.375
[246,    80] loss: 0.374
[246,   120] loss: 0.371
[247,    40] loss: 0.365
[247,    80] loss: 0.377
[247,   120] loss: 0.381
[248,    40] loss: 0.370
[248,    80] loss: 0.374
[248,   120] loss: 0.363
[249,    40] loss: 0.369
[249,    80] loss: 0.372
[249,   120] loss: 0.374
[250,    40] loss: 0.359
[250,    80] loss: 0.379
[250,   120] loss: 0.373
focibly_true_accuracy:  13198
[251,    40] loss: 0.360
[251,    80] loss: 0.369
[251,   120] loss: 0.373
[252,    40] loss: 0.363
[252,    80] loss: 0.369
[252,   120] loss: 0.361
[253,    40] loss: 0.363
[253,    80] loss: 0.373
[253,   120] loss: 0.360
[254,    40] loss: 0.363
[254,    80] loss: 0.371
[254,   120] loss: 0.368
[255,    40] loss: 0.355
[255,    80] loss: 0.371
[255,   120] loss: 0.381
focibly_true_accuracy:  13060
[256,    40] loss: 0.363
[256,    80] loss: 0.372
[256,   120] loss: 0.372
[257,    40] loss: 0.358
[257,    80] loss: 0.359
[257,   120] loss: 0.381
[258,    40] loss: 0.362
[258,    80] loss: 0.375
[258,   120] loss: 0.360
[259,    40] loss: 0.367
[259,    80] loss: 0.351
[259,   120] loss: 0.379
[260,    40] loss: 0.367
[260,    80] loss: 0.361
[260,   120] loss: 0.358
focibly_true_accuracy:  13124
[261,    40] loss: 0.364
[261,    80] loss: 0.380
[261,   120] loss: 0.354
[262,    40] loss: 0.364
[262,    80] loss: 0.353
[262,   120] loss: 0.369
[263,    40] loss: 0.348
[263,    80] loss: 0.379
[263,   120] loss: 0.360
[264,    40] loss: 0.353
[264,    80] loss: 0.366
[264,   120] loss: 0.367
[265,    40] loss: 0.361
[265,    80] loss: 0.361
[265,   120] loss: 0.364
focibly_true_accuracy:  13185
[266,    40] loss: 0.372
[266,    80] loss: 0.358
[266,   120] loss: 0.357
[267,    40] loss: 0.359
[267,    80] loss: 0.353
[267,   120] loss: 0.364
[268,    40] loss: 0.362
[268,    80] loss: 0.357
[268,   120] loss: 0.355
[269,    40] loss: 0.363
[269,    80] loss: 0.356
[269,   120] loss: 0.359
[270,    40] loss: 0.358
[270,    80] loss: 0.360
[270,   120] loss: 0.365
focibly_true_accuracy:  13112
[271,    40] loss: 0.350
[271,    80] loss: 0.358
[271,   120] loss: 0.365
[272,    40] loss: 0.357
[272,    80] loss: 0.357
[272,   120] loss: 0.364
[273,    40] loss: 0.356
[273,    80] loss: 0.351
[273,   120] loss: 0.368
[274,    40] loss: 0.364
[274,    80] loss: 0.354
[274,   120] loss: 0.362
[275,    40] loss: 0.356
[275,    80] loss: 0.361
[275,   120] loss: 0.356
focibly_true_accuracy:  13203
[276,    40] loss: 0.355
[276,    80] loss: 0.350
[276,   120] loss: 0.361
[277,    40] loss: 0.350
[277,    80] loss: 0.368
[277,   120] loss: 0.369
[278,    40] loss: 0.359
[278,    80] loss: 0.357
[278,   120] loss: 0.361
[279,    40] loss: 0.345
[279,    80] loss: 0.358
[279,   120] loss: 0.369
[280,    40] loss: 0.354
[280,    80] loss: 0.366
[280,   120] loss: 0.368
focibly_true_accuracy:  13134
[281,    40] loss: 0.346
[281,    80] loss: 0.361
[281,   120] loss: 0.353
[282,    40] loss: 0.346
[282,    80] loss: 0.350
[282,   120] loss: 0.366
[283,    40] loss: 0.344
[283,    80] loss: 0.360
[283,   120] loss: 0.361
[284,    40] loss: 0.352
[284,    80] loss: 0.359
[284,   120] loss: 0.349
[285,    40] loss: 0.343
[285,    80] loss: 0.359
[285,   120] loss: 0.362
focibly_true_accuracy:  13132
[286,    40] loss: 0.352
[286,    80] loss: 0.354
[286,   120] loss: 0.370
[287,    40] loss: 0.349
[287,    80] loss: 0.350
[287,   120] loss: 0.360
[288,    40] loss: 0.357
[288,    80] loss: 0.357
[288,   120] loss: 0.358
[289,    40] loss: 0.342
[289,    80] loss: 0.351
[289,   120] loss: 0.369
[290,    40] loss: 0.343
[290,    80] loss: 0.346
[290,   120] loss: 0.364
focibly_true_accuracy:  13172
[291,    40] loss: 0.352
[291,    80] loss: 0.349
[291,   120] loss: 0.353
[292,    40] loss: 0.360
[292,    80] loss: 0.353
[292,   120] loss: 0.353
[293,    40] loss: 0.345
[293,    80] loss: 0.354
[293,   120] loss: 0.358
[294,    40] loss: 0.341
[294,    80] loss: 0.358
[294,   120] loss: 0.366
[295,    40] loss: 0.349
[295,    80] loss: 0.352
[295,   120] loss: 0.354
focibly_true_accuracy:  13171
[296,    40] loss: 0.355
[296,    80] loss: 0.347
[296,   120] loss: 0.363
[297,    40] loss: 0.353
[297,    80] loss: 0.345
[297,   120] loss: 0.349
[298,    40] loss: 0.345
[298,    80] loss: 0.345
[298,   120] loss: 0.359
[299,    40] loss: 0.349
[299,    80] loss: 0.353
[299,   120] loss: 0.359
[300,    40] loss: 0.357
[300,    80] loss: 0.356
[300,   120] loss: 0.345
focibly_true_accuracy:  13128
Finished Training
mosaic_data_training_accuracy : 0.8559
mosaic_data_test_accuracy : 0.7475
